2.493409503068237e+29
2.493409503068237e+29
2.4934095030689688e+29
2.4934095030689688e+29
2.4934096919650693e+29
2.4934096919650693e+29
2.4934096919650693e+29
2.4934096919650693e+29
2.4941834044896226e+29
2.4941834044896226e+29
2.4941834044896226e+29
2.4941834044896226e+29
2.4941834044896226e+29
2.4941834044896226e+29
2.4941834044896226e+29
2.4941834044896226e+29
2.49418416006826e+29
2.49418416006826e+29
2.494184172058621e+29
2.494184172058621e+29
2.494184172058621e+29
2.4941871943731693e+29
2.4941871943731693e+29
2.4941871943731693e+29
2.4941871943731693e+29
2.4941871943731693e+29
2.494187572162488e+29
2.494187572162488e+29
2.494187572162488e+29
2.494187572162533e+29
2.494187572162533e+29
2.494187572162533e+29
2.494187572162533e+29
2.692257978448194e+29
2.692257978448194e+29
2.692257978448194e+29
2.692257978448194e+29
2.692257978448194e+29
2.692257978448194e+29
2.6922594896054684e+29
2.6922594896054684e+29
2.6922594896054684e+29
2.6922594896054684e+29
2.6922594896054684e+29
2.6922594896054684e+29
2.6922594896054684e+29
2.6922594896054684e+29
2.6922594896054684e+29
2.692259491081208e+29
2.692259491081208e+29
2.6922594911042213e+29
2.6922594911042213e+29
2.692259491104222e+29
2.692259491104222e+29
2.692259491104222e+29
2.6922594918420917e+29
2.6922594922110266e+29
2.6922594922110323e+29
9.030512493352178e+29
9.030512493352178e+29
9.030512493352223e+29
9.030512493352223e+29
9.030512493352223e+29
9.030512493352245e+29
9.030512493352245e+29
9.030512493352245e+29
9.030512493398362e+29
9.030512496349841e+29
9.030512496349841e+29
9.030512496349841e+29
9.030512496349841e+29
9.030512496349841e+29
9.030512496349841e+29
9.030512496349841e+29
9.030512519961674e+29
9.030512519961674e+29
9.030512519961674e+29
9.030512519961674e+29
9.030711992719028e+29
9.030711992719028e+29
9.030711992719028e+29
9.030711992719028e+29
9.030711992719028e+29
9.030711992719028e+29
9.030711992719028e+29
9.030711992719028e+29
9.030711998437519e+29
9.030711998437519e+29
9.030711998437519e+29
9.030711998437519e+29
9.030711998437519e+29
9.030711998437519e+29
9.030711998437519e+29
9.030711998437519e+29
9.030711998437519e+29
9.030711998437519e+29
9.030711998437521e+29
9.030711998437521e+29
9.030711998437521e+29
9.030711998437521e+29
9.030711998437521e+29
9.030711998437521e+29
9.030711998437521e+29
9.030711998437521e+29
9.030711998437521e+29
9.030711998437521e+29
9.030711998437521e+29
9.030712092884851e+29
9.030712092884851e+29
9.030712092884851e+29
9.030712092884851e+29
9.030712092884851e+29
9.030712092884851e+29
9.030712092884851e+29
9.030712092884851e+29
9.030712092884851e+29
9.030712092884851e+29
9.030712092884851e+29
9.030712093069318e+29
9.030712093069318e+29
9.030712093069318e+29
9.451611704950608e+29
9.451611704950608e+29
9.451611704950608e+29
9.451611704950608e+29
9.451611704950608e+29
9.451611704950608e+29
9.451611704950608e+29
9.451611704950608e+29
9.451611704950608e+29
9.451611704950608e+29
9.451611704950608e+29
9.451611704950608e+29
9.451611704950608e+29
9.45161170495349e+29
9.45161170495349e+29
9.45161170495349e+29
9.45161170495349e+29
9.45161170495349e+29
9.45161170495349e+29
9.45161170495349e+29
9.45161170495349e+29
9.451611752154097e+29
9.451611752154097e+29
9.451611752154097e+29
9.451611752154097e+29
9.451611752154097e+29
9.451611752154097e+29
9.451611752154097e+29
9.451611752154097e+29
9.451611752154097e+29
1.262073825272467e+30
1.262073825272467e+30
1.262073825272467e+30
1.262073825272467e+30
1.262073825272467e+30
1.262073825272467e+30
1.262073825272467e+30
1.262073825272467e+30
1.262073825272467e+30
1.262073825272467e+30
1.262073825272467e+30
1.262073825272467e+30
1.262073825272467e+30
1.262073825272467e+30
1.262073825272467e+30
1.262073825272467e+30
1.262073825272467e+30
1.262073825272467e+30
1.262073825272467e+30
1.262073825272467e+30
1.262073825272467e+30
1.262073825272467e+30
1.262073825272467e+30
1.262073825272467e+30
1.262073825272467e+30
1.262073825272467e+30
1.262073825272467e+30
1.262073825272467e+30
1.262073825272467e+30
1.262073825272467e+30
1.262073825272467e+30
1.262073825272467e+30
1.262073825272467e+30
1.262073825272467e+30
1.262073825272467e+30
1.262073825272467e+30
1.262073825272467e+30
1.262073825272467e+30
1.2620786609757455e+30
1.2620786609780513e+30
1.2620786609780513e+30
1.2620786609780513e+30
1.2620786609780513e+30
1.2620786609780513e+30
1.2620786609780513e+30
1.2620786609780513e+30
1.2620786609780513e+30
1.2620786609780513e+30
1.2670304211351929e+30
1.2670304211351929e+30
1.2670304211351929e+30
1.2670304211351929e+30
1.2670304211351929e+30
1.2670304211351929e+30
1.2670304211351929e+30
1.2670304211351929e+30
1.2670304211351929e+30
1.2670304211351929e+30
1.2670304211351929e+30
1.2670304211351929e+30
1.2670304211351929e+30
1.2670304211351929e+30
1.2670304211351929e+30
1.2670304211351929e+30
1.2670304211351929e+30
1.2670304211351929e+30
1.2670304211351929e+30
1.2670304211351929e+30
1.2670304211351929e+30
1.2670304211351929e+30
1.2670316300610125e+30
1.2670316300610125e+30
1.2670316300610125e+30
1.2670316300610125e+30
1.2670316300610125e+30
1.2670316300610125e+30
1.2670316300610125e+30
1.2670316300610125e+30
1.2670316300610125e+30
1.2670316300610125e+30
1.2670316300610125e+30
1.2670316300610125e+30
1.2670316300610125e+30
1.2670316300610125e+30
1.2670316300610125e+30
1.2670316300610125e+30
1.2670316300610125e+30
1.2670316300610125e+30
1.2670316300610125e+30
1.2670316300610125e+30
1.2670316300610125e+30
1.2670316300610125e+30
1.2670316300610125e+30
1.2670316300610125e+30
1.2670316300610125e+30
1.2670316300610125e+30
1.2670316300610125e+30
1.2670316300610125e+30
1.2670316300610125e+30
1.2670316300610125e+30
1.2670316300610125e+30
1.2670316300610125e+30
1.2670316300610125e+30
1.2670316300610125e+30
1.2670316300610125e+30
1.2670316300610125e+30
1.2670316300610125e+30
1.2670316300610125e+30
1.2670316300610125e+30
1.2670316300610125e+30
1.2670316300610125e+30
1.2670316300610125e+30
1.2670316300610125e+30
1.2670316300610125e+30
1.2676506000806552e+30
1.2676506000806552e+30
1.2676506000806552e+30
1.2676506002282291e+30
1.2676506002282291e+30
1.2676506002282291e+30
1.2676506002282291e+30
1.2676506002282291e+30
1.2676506002282291e+30
1.2676506002282291e+30
1.2676506002282291e+30
1.2676506002282291e+30
1.2676506002282291e+30
1.2676506002282294e+30
1.2676506002282294e+30
1.2676506002282294e+30
1.2676506002282294e+30
1.2676506002282294e+30
1.2676506002282294e+30
1.2676506002282294e+30
1.2676506002282294e+30
1.2676506002282294e+30
1.2676506002282294e+30
1.2676506002282294e+30
1.2676506002282294e+30
1.2676506002282294e+30
1.2676506002282294e+30
1.2676506002282294e+30
1.2676506002282294e+30
1.2676506002282294e+30
1.2676506002282294e+30
1.2676506002282294e+30
1.2676506002282294e+30
1.2676506002282294e+30
1.2676506002282294e+30
1.2676506002282294e+30
1.2676506002282294e+30
1.2676506002282294e+30
1.2676506002282294e+30
1.2676506002282294e+30
1.2676506002282294e+30
1.2676506002282294e+30
1.2676506002282294e+30
1.2676506002282294e+30
1.2676506002282294e+30
1.2676506002282294e+30
1.2676506002282294e+30
1.2676506002282294e+30
1.2676506002282294e+30
1.2676506002282294e+30
1.2676506002282294e+30
1.2676506002282294e+30
1.2676506002282294e+30
1.2676506002282294e+30
1.2676506002282294e+30
1.2676506002282294e+30
1.2676506002282294e+30
1.2676506002282294e+30
1.2676506002282294e+30
1.2676506002282294e+30
1.2676506002282294e+30
1.2676506002282294e+30
1.2676506002282294e+30
1.2676506002282294e+30
1.2676506002282294e+30
1.2676506002282294e+30
1.2676506002282294e+30
1.2676506002282294e+30
1.2676506002282294e+30
1.2676506002282294e+30
1.2676506002282294e+30
1.2676506002282294e+30
1.2676506002282294e+30
1.2676506002282294e+30
1.2676506002282294e+30
1.2676506002282294e+30
1.2676506002282294e+30
1.2676506002282294e+30
1.2676506002282294e+30
1.2676506002282294e+30
1.2676506002282294e+30
1.2676506002282294e+30
1.2676506002282294e+30
1.2676506002282294e+30
1.2676506002282294e+30
1.2676506002282294e+30
1.2676506002282294e+30
1.2676506002282294e+30
1.2676506002282294e+30
1.2676506002282294e+30
1.2676506002282294e+30
1.2676506002282294e+30
1.2676506002282294e+30
1.2676506002282294e+30
1.2676506002282294e+30
1.2676506002282294e+30
1.2676506002282294e+30
1.2676506002282294e+30
1.2676506002282294e+30
1.2676506002282294e+30
1.2676506002282294e+30
1.2676506002282294e+30
1.2676506002282294e+30
1.2676506002282294e+30
1.2676506002282294e+30
1.2676506002282294e+30
1.2676506002282294e+30
1.2676506002282294e+30
1.2676506002282294e+30
1.2676506002282294e+30
1.2676506002282294e+30
1.2676506002282294e+30
1.2676506002282294e+30
1.2676506002282294e+30
1.2676506002282294e+30
1.2676506002282294e+30
1.2676506002282294e+30
1.2676506002282294e+30
1.2676506002282294e+30
1.2676506002282294e+30
1.2676506002282294e+30
1.2676506002282294e+30
1.2676506002282294e+30
1.2676506002282294e+30
1.2676506002282294e+30
1.2676506002282294e+30
1.2676506002282294e+30
1.2676506002282294e+30
1.2676506002282294e+30
1.2676506002282294e+30
1.2676506002282294e+30
1.2676506002282294e+30
1.2676506002282294e+30
1.2676506002282294e+30
1.2676506002282294e+30
1.2676506002282294e+30
1.2676506002282294e+30
1.2676506002282294e+30
1.2676506002282294e+30
1.2676506002282294e+30
1.2676506002282294e+30
1.2676506002282294e+30
1.2676506002282294e+30
1.2676506002282294e+30
1.2676506002282294e+30
1.2676506002282294e+30
1.2676506002282294e+30
1.2676506002282294e+30
1.2676506002282294e+30
1.2676506002282294e+30
1.2676506002282294e+30
1.2676506002282294e+30
1.2676506002282294e+30
1.2676506002282294e+30
1.2676506002282294e+30
1.2676506002282294e+30
1.2676506002282294e+30
1.2676506002282294e+30
1.2676506002282294e+30
1.2676506002282294e+30
1.2676506002282294e+30
1.2676506002282294e+30
1.2676506002282294e+30
1.2676506002282294e+30
1.2676506002282294e+30
1.2676506002282294e+30
1.2676506002282294e+30
1.2676506002282294e+30
1.2676506002282294e+30
1.2676506002282294e+30
1.2676506002282294e+30
1.2676506002282294e+30
1.2676506002282294e+30
1.2676506002282294e+30
1.2676506002282294e+30
1.2676506002282294e+30
1.2676506002282294e+30
1.2676506002282294e+30
1.2676506002282294e+30
1.2676506002282294e+30
1.2676506002282294e+30
1.2676506002282294e+30
1.2676506002282294e+30
1.2676506002282294e+30
1.2676506002282294e+30
1.2676506002282294e+30
1.2676506002282294e+30
1.2676506002282294e+30
1.2676506002282294e+30
1.2676506002282294e+30
1.2676506002282294e+30
1.2676506002282294e+30
1.2676506002282294e+30
1.2676506002282294e+30
1.2676506002282294e+30
1.2676506002282294e+30
1.2676506002282294e+30
1.2676506002282294e+30
1.2676506002282294e+30
1.2676506002282294e+30
1.2676506002282294e+30
1.2676506002282294e+30
1.2676506002282294e+30
1.2676506002282294e+30
1.2676506002282294e+30
1.2676506002282294e+30
1.2676506002282294e+30
1.2676506002282294e+30
1.2676506002282294e+30
1.2676506002282294e+30
1.2676506002282294e+30
1.2676506002282294e+30
1.2676506002282294e+30
1.2676506002282294e+30
1.2676506002282294e+30
1.2676506002282294e+30
1.2676506002282294e+30
1.2676506002282294e+30
1.2676506002282294e+30
1.2676506002282294e+30
1.2676506002282294e+30
1.2676506002282294e+30
1.2676506002282294e+30
1.2676506002282294e+30
1.2676506002282294e+30
1.2676506002282294e+30
1.2676506002282294e+30
1.2676506002282294e+30
1.2676506002282294e+30
1.2676506002282294e+30
1.2676506002282294e+30
1.2676506002282294e+30
1.2676506002282294e+30
1.2676506002282294e+30
1.2676506002282294e+30
1.2676506002282294e+30
1.2676506002282294e+30
1.2676506002282294e+30
1.2676506002282294e+30
1.2676506002282294e+30
1.2676506002282294e+30
1.2676506002282294e+30
1.2676506002282294e+30
1.2676506002282294e+30
1.2676506002282294e+30
1.2676506002282294e+30
1.2676506002282294e+30
1.2676506002282294e+30
1.2676506002282294e+30
1.2676506002282294e+30
1.2676506002282294e+30
1.2676506002282294e+30
1.2676506002282294e+30
1.2676506002282294e+30
1.2676506002282294e+30
1.2676506002282294e+30
1.2676506002282294e+30
1.2676506002282294e+30
1.2676506002282294e+30
1.2676506002282294e+30
1.2676506002282294e+30
1.2676506002282294e+30
1.2676506002282294e+30
1.2676506002282294e+30
1.2676506002282294e+30
1.2676506002282294e+30
1.2676506002282294e+30
1.2676506002282294e+30
1.2676506002282294e+30
1.2676506002282294e+30
1.2676506002282294e+30
1.2676506002282294e+30
1.2676506002282294e+30
1.2676506002282294e+30
1.2676506002282294e+30
1.2676506002282294e+30
1.2676506002282294e+30
1.2676506002282294e+30
1.2676506002282294e+30
1.2676506002282294e+30
1.2676506002282294e+30
1.2676506002282294e+30
1.2676506002282294e+30
1.2676506002282294e+30
1.2676506002282294e+30
1.2676506002282294e+30
1.2676506002282294e+30
1.2676506002282294e+30
1.2676506002282294e+30
1.2676506002282294e+30
1.2676506002282294e+30
1.2676506002282294e+30
1.2676506002282294e+30
1.2676506002282294e+30
1.2676506002282294e+30
1.2676506002282294e+30
1.2676506002282294e+30
1.2676506002282294e+30
1.2676506002282294e+30
1.2676506002282294e+30
1.2676506002282294e+30
1.2676506002282294e+30
1.2676506002282294e+30
1.2676506002282294e+30
1.2676506002282294e+30
1.2676506002282294e+30
1.2676506002282294e+30
1.2676506002282294e+30
1.2676506002282294e+30
1.2676506002282294e+30
1.2676506002282294e+30
1.2676506002282294e+30
1.2676506002282294e+30
1.2676506002282294e+30
1.2676506002282294e+30
1.2676506002282294e+30
1.2676506002282294e+30
1.2676506002282294e+30
1.2676506002282294e+30
1.2676506002282294e+30
1.2676506002282294e+30
1.2676506002282294e+30
1.2676506002282294e+30
1.2676506002282294e+30
1.2676506002282294e+30
1.2676506002282294e+30
1.2676506002282294e+30
1.2676506002282294e+30
1.2676506002282294e+30
1.2676506002282294e+30
1.2676506002282294e+30
1.2676506002282294e+30
1.2676506002282294e+30
1.2676506002282294e+30
1.2676506002282294e+30
1.2676506002282294e+30
1.2676506002282294e+30
1.2676506002282294e+30
1.2676506002282294e+30
1.2676506002282294e+30
1.2676506002282294e+30
1.2676506002282294e+30
1.2676506002282294e+30
1.2676506002282294e+30
1.2676506002282294e+30
1.2676506002282294e+30
1.2676506002282294e+30
1.2676506002282294e+30
1.2676506002282294e+30
1.2676506002282294e+30
1.2676506002282294e+30
1.2676506002282294e+30
1.2676506002282294e+30
1.2676506002282294e+30
1.2676506002282294e+30
1.2676506002282294e+30
1.2676506002282294e+30
1.2676506002282294e+30
1.2676506002282294e+30
1.2676506002282294e+30
1.2676506002282294e+30
1.2676506002282294e+30
1.2676506002282294e+30
1.2676506002282294e+30
1.2676506002282294e+30
1.2676506002282294e+30
1.2676506002282294e+30
1.2676506002282294e+30
1.2676506002282294e+30
1.2676506002282294e+30
1.2676506002282294e+30
1.2676506002282294e+30
1.2676506002282294e+30
1.2676506002282294e+30
1.2676506002282294e+30
1.2676506002282294e+30
1.2676506002282294e+30
1.2676506002282294e+30
1.2676506002282294e+30
1.2676506002282294e+30
1.2676506002282294e+30
1.2676506002282294e+30
1.2676506002282294e+30
1.2676506002282294e+30
1.2676506002282294e+30
1.2676506002282294e+30
1.2676506002282294e+30
1.2676506002282294e+30
1.2676506002282294e+30
1.2676506002282294e+30
1.2676506002282294e+30
1.2676506002282294e+30
1.2676506002282294e+30
1.2676506002282294e+30
1.2676506002282294e+30
1.2676506002282294e+30
1.2676506002282294e+30
1.2676506002282294e+30
1.2676506002282294e+30
1.2676506002282294e+30
1.2676506002282294e+30
1.2676506002282294e+30
1.2676506002282294e+30
1.2676506002282294e+30
1.2676506002282294e+30
1.2676506002282294e+30
1.2676506002282294e+30
1.2676506002282294e+30
1.2676506002282294e+30
1.2676506002282294e+30
1.2676506002282294e+30
1.2676506002282294e+30
1.2676506002282294e+30
1.2676506002282294e+30
1.2676506002282294e+30
1.2676506002282294e+30
1.2676506002282294e+30
1.2676506002282294e+30
1.2676506002282294e+30
1.2676506002282294e+30
1.2676506002282294e+30
1.2676506002282294e+30
1.2676506002282294e+30
1.2676506002282294e+30
1.2676506002282294e+30
1.2676506002282294e+30
1.2676506002282294e+30
1.2676506002282294e+30
1.2676506002282294e+30
1.2676506002282294e+30
1.2676506002282294e+30
1.2676506002282294e+30
1.2676506002282294e+30
1.2676506002282294e+30
1.2676506002282294e+30
1.2676506002282294e+30
1.2676506002282294e+30
1.2676506002282294e+30
1.2676506002282294e+30
1.2676506002282294e+30
1.2676506002282294e+30
1.2676506002282294e+30
1.2676506002282294e+30
1.2676506002282294e+30
1.2676506002282294e+30
1.2676506002282294e+30
1.2676506002282294e+30
1.2676506002282294e+30
1.2676506002282294e+30
1.2676506002282294e+30
1.2676506002282294e+30
1.2676506002282294e+30
1.2676506002282294e+30
1.2676506002282294e+30
1.2676506002282294e+30
1.2676506002282294e+30
1.2676506002282294e+30
1.2676506002282294e+30
1.2676506002282294e+30
1.2676506002282294e+30
1.2676506002282294e+30
1.2676506002282294e+30
1.2676506002282294e+30
1.2676506002282294e+30
1.2676506002282294e+30
1.2676506002282294e+30
1.2676506002282294e+30
1.2676506002282294e+30
1.2676506002282294e+30
1.2676506002282294e+30
1.2676506002282294e+30
1.2676506002282294e+30
1.2676506002282294e+30
1.2676506002282294e+30
1.2676506002282294e+30
1.2676506002282294e+30
1.2676506002282294e+30
1.2676506002282294e+30
1.2676506002282294e+30
1.2676506002282294e+30
1.2676506002282294e+30
1.2676506002282294e+30
1.2676506002282294e+30
1.2676506002282294e+30
1.2676506002282294e+30
1.2676506002282294e+30
1.2676506002282294e+30
1.2676506002282294e+30
1.2676506002282294e+30
1.2676506002282294e+30
1.2676506002282294e+30
1.2676506002282294e+30
1.2676506002282294e+30
1.2676506002282294e+30
1.2676506002282294e+30
1.2676506002282294e+30
1.2676506002282294e+30
1.2676506002282294e+30
1.2676506002282294e+30
1.2676506002282294e+30
1.2676506002282294e+30
1.2676506002282294e+30
1.2676506002282294e+30
1.2676506002282294e+30
1.2676506002282294e+30
1.2676506002282294e+30
1.2676506002282294e+30
1.2676506002282294e+30
1.2676506002282294e+30
1.2676506002282294e+30
1.2676506002282294e+30
1.2676506002282294e+30
1.2676506002282294e+30
1.2676506002282294e+30
1.2676506002282294e+30
1.2676506002282294e+30
1.2676506002282294e+30
1.2676506002282294e+30
1.2676506002282294e+30
1.2676506002282294e+30
1.2676506002282294e+30
1.2676506002282294e+30
1.2676506002282294e+30
1.2676506002282294e+30
1.2676506002282294e+30
1.2676506002282294e+30
1.2676506002282294e+30
1.2676506002282294e+30
1.2676506002282294e+30
1.2676506002282294e+30
1.2676506002282294e+30
1.2676506002282294e+30
1.2676506002282294e+30
1.2676506002282294e+30
1.2676506002282294e+30
1.2676506002282294e+30
1.2676506002282294e+30
1.2676506002282294e+30
1.2676506002282294e+30
1.2676506002282294e+30
1.2676506002282294e+30
1.2676506002282294e+30
1.2676506002282294e+30
1.2676506002282294e+30
1.2676506002282294e+30
1.2676506002282294e+30
1.2676506002282294e+30
1.2676506002282294e+30
1.2676506002282294e+30
1.2676506002282294e+30
1.2676506002282294e+30
1.2676506002282294e+30
1.2676506002282294e+30
1.2676506002282294e+30
1.2676506002282294e+30
1.2676506002282294e+30
1.2676506002282294e+30
1.2676506002282294e+30
1.2676506002282294e+30
1.2676506002282294e+30
1.2676506002282294e+30
1.2676506002282294e+30
1.2676506002282294e+30
1.2676506002282294e+30
1.2676506002282294e+30
1.2676506002282294e+30
1.2676506002282294e+30
1.2676506002282294e+30
1.2676506002282294e+30
1.2676506002282294e+30
1.2676506002282294e+30
1.2676506002282294e+30
1.2676506002282294e+30
1.2676506002282294e+30
1.2676506002282294e+30
1.2676506002282294e+30
1.2676506002282294e+30
1.2676506002282294e+30
1.2676506002282294e+30
1.2676506002282294e+30
1.2676506002282294e+30
1.2676506002282294e+30
1.2676506002282294e+30
1.2676506002282294e+30
1.2676506002282294e+30
1.2676506002282294e+30
1.2676506002282294e+30
1.2676506002282294e+30
1.2676506002282294e+30
1.2676506002282294e+30
1.2676506002282294e+30
1.2676506002282294e+30
1.2676506002282294e+30
1.2676506002282294e+30
1.2676506002282294e+30
1.2676506002282294e+30
1.2676506002282294e+30
1.2676506002282294e+30
1.2676506002282294e+30
1.2676506002282294e+30
1.2676506002282294e+30
1.2676506002282294e+30
1.2676506002282294e+30
1.2676506002282294e+30
1.2676506002282294e+30
1.2676506002282294e+30
1.2676506002282294e+30
1.2676506002282294e+30
1.2676506002282294e+30
1.2676506002282294e+30
1.2676506002282294e+30
1.2676506002282294e+30
1.2676506002282294e+30
1.2676506002282294e+30
1.2676506002282294e+30
1.2676506002282294e+30
1.2676506002282294e+30
1.2676506002282294e+30
1.2676506002282294e+30
1.2676506002282294e+30
1.2676506002282294e+30
1.2676506002282294e+30
1.2676506002282294e+30
1.2676506002282294e+30
1.2676506002282294e+30
1.2676506002282294e+30
1.2676506002282294e+30
1.2676506002282294e+30
1.2676506002282294e+30
1.2676506002282294e+30
1.2676506002282294e+30
1.2676506002282294e+30
1.2676506002282294e+30
1.2676506002282294e+30
1.2676506002282294e+30
1.2676506002282294e+30
1.2676506002282294e+30
1.2676506002282294e+30
1.2676506002282294e+30
1.2676506002282294e+30
1.2676506002282294e+30
1.2676506002282294e+30
1.2676506002282294e+30
1.2676506002282294e+30
1.2676506002282294e+30
1.2676506002282294e+30
1.2676506002282294e+30
1.2676506002282294e+30
1.2676506002282294e+30
1.2676506002282294e+30
1.2676506002282294e+30
1.2676506002282294e+30
1.2676506002282294e+30
1.2676506002282294e+30
1.2676506002282294e+30
1.2676506002282294e+30
1.2676506002282294e+30
1.2676506002282294e+30
1.2676506002282294e+30
1.2676506002282294e+30
1.2676506002282294e+30
1.2676506002282294e+30
1.2676506002282294e+30
1.2676506002282294e+30
1.2676506002282294e+30
1.2676506002282294e+30
1.2676506002282294e+30
1.2676506002282294e+30
1.2676506002282294e+30
1.2676506002282294e+30
1.2676506002282294e+30
1.2676506002282294e+30
1.2676506002282294e+30
1.2676506002282294e+30
1.2676506002282294e+30
1.2676506002282294e+30
1.2676506002282294e+30
1.2676506002282294e+30
1.2676506002282294e+30
1.2676506002282294e+30
1.2676506002282294e+30
1.2676506002282294e+30
1.2676506002282294e+30
1.2676506002282294e+30
1.2676506002282294e+30
1.2676506002282294e+30
1.2676506002282294e+30
1.2676506002282294e+30
1.2676506002282294e+30
1.2676506002282294e+30
1.2676506002282294e+30
1.2676506002282294e+30
1.2676506002282294e+30
1.2676506002282294e+30
1.2676506002282294e+30
1.2676506002282294e+30
1.2676506002282294e+30
1.2676506002282294e+30
1.2676506002282294e+30
1.2676506002282294e+30
1.2676506002282294e+30
1.2676506002282294e+30
1.2676506002282294e+30
1.2676506002282294e+30
1.2676506002282294e+30
1.2676506002282294e+30
1.2676506002282294e+30
1.2676506002282294e+30
1.2676506002282294e+30
1.2676506002282294e+30
1.2676506002282294e+30
1.2676506002282294e+30
1.2676506002282294e+30
1.2676506002282294e+30
1.2676506002282294e+30
1.2676506002282294e+30
1.2676506002282294e+30
1.2676506002282294e+30
1.2676506002282294e+30
1.2676506002282294e+30
1.2676506002282294e+30
1.2676506002282294e+30
1.2676506002282294e+30
1.2676506002282294e+30
1.2676506002282294e+30
1.2676506002282294e+30
1.2676506002282294e+30
1.2676506002282294e+30
1.2676506002282294e+30
1.2676506002282294e+30
1.2676506002282294e+30
1.2676506002282294e+30
1.2676506002282294e+30
1.2676506002282294e+30
1.2676506002282294e+30
1.2676506002282294e+30
1.2676506002282294e+30
1.2676506002282294e+30
1.2676506002282294e+30
1.2676506002282294e+30
1.2676506002282294e+30
1.2676506002282294e+30
1.2676506002282294e+30
1.2676506002282294e+30
1.2676506002282294e+30
1.2676506002282294e+30
1.2676506002282294e+30
1.2676506002282294e+30
1.2676506002282294e+30
1.2676506002282294e+30
1.2676506002282294e+30
1.2676506002282294e+30
1.2676506002282294e+30
1.2676506002282294e+30
1.2676506002282294e+30
1.2676506002282294e+30
1.2676506002282294e+30
1.2676506002282294e+30
1.2676506002282294e+30
1.2676506002282294e+30
1.2676506002282294e+30
1.2676506002282294e+30
1.2676506002282294e+30
1.2676506002282294e+30
1.2676506002282294e+30
1.2676506002282294e+30
1.2676506002282294e+30
1.2676506002282294e+30
1.2676506002282294e+30
1.2676506002282294e+30
1.2676506002282294e+30
1.2676506002282294e+30
1.2676506002282294e+30
1.2676506002282294e+30
1.2676506002282294e+30
1.2676506002282294e+30
1.2676506002282294e+30
1.2676506002282294e+30
1.2676506002282294e+30
1.2676506002282294e+30
1.2676506002282294e+30
1.2676506002282294e+30
1.2676506002282294e+30
1.2676506002282294e+30
1.2676506002282294e+30
1.2676506002282294e+30
1.2676506002282294e+30
1.2676506002282294e+30
1.2676506002282294e+30
1.2676506002282294e+30
1.2676506002282294e+30
1.2676506002282294e+30
1.2676506002282294e+30
1.2676506002282294e+30
1.2676506002282294e+30
1.2676506002282294e+30
1.2676506002282294e+30
1.2676506002282294e+30
1.2676506002282294e+30
1.2676506002282294e+30
1.2676506002282294e+30
1.2676506002282294e+30
1.2676506002282294e+30
1.2676506002282294e+30
1.2676506002282294e+30
1.2676506002282294e+30
1.2676506002282294e+30
1.2676506002282294e+30
1.2676506002282294e+30
1.2676506002282294e+30
1.2676506002282294e+30
1.2676506002282294e+30
1.2676506002282294e+30
1.2676506002282294e+30
1.2676506002282294e+30
1.2676506002282294e+30
1.2676506002282294e+30
1.2676506002282294e+30
1.2676506002282294e+30
1.2676506002282294e+30
1.2676506002282294e+30
1.2676506002282294e+30
1.2676506002282294e+30
1.2676506002282294e+30
1.2676506002282294e+30
1.2676506002282294e+30
1.2676506002282294e+30
1.2676506002282294e+30
1.2676506002282294e+30
1.2676506002282294e+30
1.2676506002282294e+30
1.2676506002282294e+30
1.2676506002282294e+30
1.2676506002282294e+30
1.2676506002282294e+30
1.2676506002282294e+30
1.2676506002282294e+30
1.2676506002282294e+30
1.2676506002282294e+30
1.2676506002282294e+30
1.2676506002282294e+30
1.2676506002282294e+30
1.2676506002282294e+30
1.2676506002282294e+30
1.2676506002282294e+30
1.2676506002282294e+30
1.2676506002282294e+30
1.2676506002282294e+30
1.2676506002282294e+30
1.2676506002282294e+30
1.2676506002282294e+30
1.2676506002282294e+30
1.2676506002282294e+30
1.2676506002282294e+30
1.2676506002282294e+30
1.2676506002282294e+30
1.2676506002282294e+30
1.2676506002282294e+30
1.2676506002282294e+30
1.2676506002282294e+30
1.2676506002282294e+30
1.2676506002282294e+30
1.2676506002282294e+30
1.2676506002282294e+30
1.2676506002282294e+30
1.2676506002282294e+30
1.2676506002282294e+30
1.2676506002282294e+30
1.2676506002282294e+30
1.2676506002282294e+30
1.2676506002282294e+30
1.2676506002282294e+30
1.2676506002282294e+30
1.2676506002282294e+30
1.2676506002282294e+30
1.2676506002282294e+30
1.2676506002282294e+30
1.2676506002282294e+30
1.2676506002282294e+30
1.2676506002282294e+30
1.2676506002282294e+30
1.2676506002282294e+30
1.2676506002282294e+30
1.2676506002282294e+30
1.2676506002282294e+30
1.2676506002282294e+30
1.2676506002282294e+30
1.2676506002282294e+30
1.2676506002282294e+30
1.2676506002282294e+30
1.2676506002282294e+30
1.2676506002282294e+30
1.2676506002282294e+30
1.2676506002282294e+30
1.2676506002282294e+30
1.2676506002282294e+30
1.2676506002282294e+30
1.2676506002282294e+30
1.2676506002282294e+30
1.2676506002282294e+30
1.2676506002282294e+30
1.2676506002282294e+30
1.2676506002282294e+30
1.2676506002282294e+30
1.2676506002282294e+30
1.2676506002282294e+30
1.2676506002282294e+30
1.2676506002282294e+30
1.2676506002282294e+30
1.2676506002282294e+30
1.2676506002282294e+30
1.2676506002282294e+30
1.2676506002282294e+30
1.2676506002282294e+30
1.2676506002282294e+30
1.2676506002282294e+30
1.2676506002282294e+30
1.2676506002282294e+30
1.2676506002282294e+30
1.2676506002282294e+30
1.2676506002282294e+30
1.2676506002282294e+30
1.2676506002282294e+30
1.2676506002282294e+30
1.2676506002282294e+30
1.2676506002282294e+30
1.2676506002282294e+30
1.2676506002282294e+30
1.2676506002282294e+30
1.2676506002282294e+30
1.2676506002282294e+30
1.2676506002282294e+30
1.2676506002282294e+30
1.2676506002282294e+30
1.2676506002282294e+30
1.2676506002282294e+30
1.2676506002282294e+30
1.2676506002282294e+30
1.2676506002282294e+30
1.2676506002282294e+30
1.2676506002282294e+30
1.2676506002282294e+30
1.2676506002282294e+30
1.2676506002282294e+30
1.2676506002282294e+30
1.2676506002282294e+30
1.2676506002282294e+30
1.2676506002282294e+30
1.2676506002282294e+30
1.2676506002282294e+30
1.2676506002282294e+30
1.2676506002282294e+30
1.2676506002282294e+30
1.2676506002282294e+30
1.2676506002282294e+30
1.2676506002282294e+30
1.2676506002282294e+30
1.2676506002282294e+30
1.2676506002282294e+30
1.2676506002282294e+30
1.2676506002282294e+30
1.2676506002282294e+30
1.2676506002282294e+30
1.2676506002282294e+30
1.2676506002282294e+30
1.2676506002282294e+30
1.2676506002282294e+30
1.2676506002282294e+30
1.2676506002282294e+30
1.2676506002282294e+30
1.2676506002282294e+30
1.2676506002282294e+30
1.2676506002282294e+30
1.2676506002282294e+30
1.2676506002282294e+30
1.2676506002282294e+30
1.2676506002282294e+30
1.2676506002282294e+30
1.2676506002282294e+30
1.2676506002282294e+30
1.2676506002282294e+30
1.2676506002282294e+30
1.2676506002282294e+30
1.2676506002282294e+30
1.2676506002282294e+30
1.2676506002282294e+30
1.2676506002282294e+30
1.2676506002282294e+30
1.2676506002282294e+30
1.2676506002282294e+30
1.2676506002282294e+30
1.2676506002282294e+30
1.2676506002282294e+30
1.2676506002282294e+30
1.2676506002282294e+30
1.2676506002282294e+30
1.2676506002282294e+30
1.2676506002282294e+30
1.2676506002282294e+30
1.2676506002282294e+30
1.2676506002282294e+30
1.2676506002282294e+30
1.2676506002282294e+30
1.2676506002282294e+30
1.2676506002282294e+30
1.2676506002282294e+30
1.2676506002282294e+30
1.2676506002282294e+30
1.2676506002282294e+30
1.2676506002282294e+30
1.2676506002282294e+30
1.2676506002282294e+30
1.2676506002282294e+30
1.2676506002282294e+30
1.2676506002282294e+30
1.2676506002282294e+30
1.2676506002282294e+30
1.2676506002282294e+30
1.2676506002282294e+30
1.2676506002282294e+30
1.2676506002282294e+30
1.2676506002282294e+30
1.2676506002282294e+30
1.2676506002282294e+30
1.2676506002282294e+30
1.2676506002282294e+30
1.2676506002282294e+30
1.2676506002282294e+30
1.2676506002282294e+30
1.2676506002282294e+30
1.2676506002282294e+30
1.2676506002282294e+30
1.2676506002282294e+30
1.2676506002282294e+30
1.2676506002282294e+30
1.2676506002282294e+30
1.2676506002282294e+30
1.2676506002282294e+30
1.2676506002282294e+30
1.2676506002282294e+30
1.2676506002282294e+30
1.2676506002282294e+30
1.2676506002282294e+30
1.2676506002282294e+30
1.2676506002282294e+30
1.2676506002282294e+30
1.2676506002282294e+30
1.2676506002282294e+30
1.2676506002282294e+30
1.2676506002282294e+30
1.2676506002282294e+30
1.2676506002282294e+30
1.2676506002282294e+30
1.2676506002282294e+30
1.2676506002282294e+30
1.2676506002282294e+30
1.2676506002282294e+30
1.2676506002282294e+30
1.2676506002282294e+30
1.2676506002282294e+30
1.2676506002282294e+30
1.2676506002282294e+30
1.2676506002282294e+30
1.2676506002282294e+30
1.2676506002282294e+30
1.2676506002282294e+30
1.2676506002282294e+30
1.2676506002282294e+30
1.2676506002282294e+30
1.2676506002282294e+30
1.2676506002282294e+30
1.2676506002282294e+30
1.2676506002282294e+30
1.2676506002282294e+30
1.2676506002282294e+30
1.2676506002282294e+30
1.2676506002282294e+30
1.2676506002282294e+30
1.2676506002282294e+30
1.2676506002282294e+30
1.2676506002282294e+30
1.2676506002282294e+30
1.2676506002282294e+30
1.2676506002282294e+30
1.2676506002282294e+30
1.2676506002282294e+30
1.2676506002282294e+30
1.2676506002282294e+30
1.2676506002282294e+30
1.2676506002282294e+30
1.2676506002282294e+30
1.2676506002282294e+30
1.2676506002282294e+30
1.2676506002282294e+30
1.2676506002282294e+30
1.2676506002282294e+30
1.2676506002282294e+30
1.2676506002282294e+30
1.2676506002282294e+30
1.2676506002282294e+30
1.2676506002282294e+30
1.2676506002282294e+30
1.2676506002282294e+30
1.2676506002282294e+30
1.2676506002282294e+30
1.2676506002282294e+30
1.2676506002282294e+30
1.2676506002282294e+30
1.2676506002282294e+30
1.2676506002282294e+30
1.2676506002282294e+30
1.2676506002282294e+30
1.2676506002282294e+30
1.2676506002282294e+30
1.2676506002282294e+30
1.2676506002282294e+30
1.2676506002282294e+30
1.2676506002282294e+30
1.2676506002282294e+30
1.2676506002282294e+30
1.2676506002282294e+30
1.2676506002282294e+30
1.2676506002282294e+30
1.2676506002282294e+30
1.2676506002282294e+30
1.2676506002282294e+30
1.2676506002282294e+30
1.2676506002282294e+30
1.2676506002282294e+30
1.2676506002282294e+30
1.2676506002282294e+30
1.2676506002282294e+30
1.2676506002282294e+30
1.2676506002282294e+30
1.2676506002282294e+30
1.2676506002282294e+30
1.2676506002282294e+30
1.2676506002282294e+30
1.2676506002282294e+30
1.2676506002282294e+30
1.2676506002282294e+30
1.2676506002282294e+30
1.2676506002282294e+30
1.2676506002282294e+30
1.2676506002282294e+30
1.2676506002282294e+30
1.2676506002282294e+30
1.2676506002282294e+30
1.2676506002282294e+30
1.2676506002282294e+30
1.2676506002282294e+30
1.2676506002282294e+30
1.2676506002282294e+30
1.2676506002282294e+30
1.2676506002282294e+30
1.2676506002282294e+30
1.2676506002282294e+30
1.2676506002282294e+30
1.2676506002282294e+30
1.2676506002282294e+30
1.2676506002282294e+30
1.2676506002282294e+30
1.2676506002282294e+30
1.2676506002282294e+30
1.2676506002282294e+30
1.2676506002282294e+30
1.2676506002282294e+30
1.2676506002282294e+30
1.2676506002282294e+30
1.2676506002282294e+30
1.2676506002282294e+30
1.2676506002282294e+30
1.2676506002282294e+30
1.2676506002282294e+30
1.2676506002282294e+30
1.2676506002282294e+30
1.2676506002282294e+30
1.2676506002282294e+30
1.2676506002282294e+30
1.2676506002282294e+30
1.2676506002282294e+30
1.2676506002282294e+30
1.2676506002282294e+30
1.2676506002282294e+30
1.2676506002282294e+30
1.2676506002282294e+30
1.2676506002282294e+30
1.2676506002282294e+30
1.2676506002282294e+30
1.2676506002282294e+30
1.2676506002282294e+30
1.2676506002282294e+30
1.2676506002282294e+30
1.2676506002282294e+30
1.2676506002282294e+30
1.2676506002282294e+30
1.2676506002282294e+30
1.2676506002282294e+30
1.2676506002282294e+30
1.2676506002282294e+30
1.2676506002282294e+30
1.2676506002282294e+30
1.2676506002282294e+30
1.2676506002282294e+30
1.2676506002282294e+30
1.2676506002282294e+30
1.2676506002282294e+30
1.2676506002282294e+30
1.2676506002282294e+30
1.2676506002282294e+30
1.2676506002282294e+30
1.2676506002282294e+30
1.2676506002282294e+30
1.2676506002282294e+30
1.2676506002282294e+30
1.2676506002282294e+30
1.2676506002282294e+30
1.2676506002282294e+30
1.2676506002282294e+30
1.2676506002282294e+30
1.2676506002282294e+30
1.2676506002282294e+30
1.2676506002282294e+30
1.2676506002282294e+30
1.2676506002282294e+30
1.2676506002282294e+30
1.2676506002282294e+30
1.2676506002282294e+30
1.2676506002282294e+30
1.2676506002282294e+30
1.2676506002282294e+30
1.2676506002282294e+30
1.2676506002282294e+30
1.2676506002282294e+30
1.2676506002282294e+30
1.2676506002282294e+30
