7.900741747793545e+29
7.900741747793545e+29
7.900741759599461e+29
7.900741759599461e+29
7.900741759599461e+29
7.504600947397074e+29
7.516980347789928e+29
7.516980347789928e+29
7.516980347789748e+29
7.516980347789748e+29
7.523170047986175e+29
7.325099665312347e+29
7.325099665312347e+29
9.868466641712001e+28
9.868466641712001e+28
9.868466641712001e+28
9.868466641712001e+28
9.868496864857492e+28
9.868496864850286e+28
1.1849200927706892e+29
1.1849200927706892e+29
1.1849200927706892e+29
1.1848717357379047e+29
1.184871735760918e+29
1.1848717357378596e+29
1.1848717357378596e+29
1.1848475572214673e+29
1.1600887564357597e+29
1.1600887564357597e+29
1.1600887579114993e+29
1.1600887579114993e+29
1.1600887579114993e+29
1.1600887579116794e+29
1.1600887579116794e+29
1.1600887579116794e+29
1.1600886634643497e+29
1.1604755197266264e+29
1.1480961193337726e+29
1.1479994052682035e+29
1.0489642493490379e+29
1.0489642493490379e+29
4.218090749919611e+29
4.2180907484438715e+29
4.2180907484438715e+29
4.218090747706002e+29
4.2180907477056414e+29
4.2180907477056414e+29
4.2180907477056414e+29
4.2180907477056414e+29
4.0200203414199806e+29
4.0200203414199806e+29
4.020020294196316e+29
4.020020294196316e+29
4.020020483090975e+29
4.020020483090975e+29
4.020020483090975e+29
4.020020483090975e+29
4.020117197156544e+29
4.020117191253586e+29
4.020117191253586e+29
4.020117191253586e+29
4.02011719134582e+29
4.02011719134582e+29
4.020020477280251e+29
4.019827049149112e+29
4.019827049149112e+29
4.019827049149112e+29
4.019827049149112e+29
4.019440192886836e+29
4.019440192888277e+29
4.019440192888277e+29
4.019440192888277e+29
4.019440192888277e+29
4.019440192888277e+29
4.019440192888277e+29
4.019440192888277e+29
4.019440192888277e+29
4.118475396036872e+29
4.118475372425041e+29
4.118475372425041e+29
4.118475372425041e+29
4.118475372425041e+29
4.118475372425041e+29
4.118475372425041e+29
4.118475372425041e+29
9.493488718544672e+28
9.493488718544672e+28
9.493488718544672e+28
9.493488718544672e+28
9.493488718544672e+28
9.493488954662996e+28
9.493488954662996e+28
9.493488954662996e+28
9.493488954670195e+28
9.493488954670195e+28
9.493488954670195e+28
9.493488954670195e+28
9.493488954670223e+28
9.493488954670223e+28
9.493488954612577e+28
9.493488954612577e+28
9.493488954612577e+28
9.493488954612577e+28
9.493488954612577e+28
9.493488954605315e+28
9.493488954605315e+28
9.493488954605315e+28
9.493488954605315e+28
9.493488954605311e+28
9.617282958533849e+28
9.617282958533849e+28
9.617282958533849e+28
9.617282958533849e+28
9.617282958533847e+28
9.617282958533847e+28
9.617282958533847e+28
9.617282958533847e+28
9.617282958533849e+28
9.617282958533849e+28
9.617282958533849e+28
9.617282958519438e+28
9.617282958519438e+28
9.617282958519438e+28
9.648231429986782e+28
9.648231429986782e+28
9.648231430001193e+28
9.648231430001193e+28
9.6482295410546e+28
9.6482295410546e+28
9.6482295410546e+28
9.648229537365251e+28
9.648229537365251e+28
9.648229537365251e+28
9.648229537365255e+28
9.648229537365255e+28
9.1530535290298e+28
9.1530535290298e+28
7.253558354044104e+29
7.253558354044104e+29
7.253558353306234e+29
7.253558353306234e+29
7.253558353306234e+29
7.253558353306234e+29
7.253558353352351e+29
7.253558353352351e+29
7.253558353352351e+29
7.253558353352351e+29
7.253606710385136e+29
7.253606710385136e+29
7.253606710385136e+29
7.451677116670796e+29
7.451677116670796e+29
7.451677116670796e+29
1.11342411552965e+29
1.11342411552965e+29
1.1134362047878462e+29
1.1134362047878462e+29
1.1134362047878462e+29
1.1134362047878462e+29
1.1134362047878462e+29
2.697999455073133e+29
2.6979994549808994e+29
2.6979994549347825e+29
2.6979994549347825e+29
2.7196634056222767e+29
2.7196634056222767e+29
9.057916406763423e+29
2.7196634056222767e+29
2.7196634056222767e+29
2.7196634056222767e+29
2.7196634056222767e+29
2.7196634056222767e+29
2.7196634056222654e+29
2.7196150485894808e+29
2.7196029593312847e+29
2.7196029593312847e+29
2.7196029593312847e+29
2.7196029593312847e+29
2.7196029475253685e+29
2.7196029475253685e+29
2.7196029475253685e+29
2.7196029475253685e+29
2.5215325412397076e+29
2.521532553045624e+29
2.520758840521069e+29
2.520758840521069e+29
2.5208555545866382e+29
2.5208555545866354e+29
2.5084761542860153e+29
2.5084763431806747e+29
2.9046171557519963e+29
2.9046171557519963e+29
2.9046171557519963e+29
2.9046171557519963e+29
2.9046171557505552e+29
2.9046171557505552e+29
2.9046171557505552e+29
2.9046171557505552e+29
2.9046171557509183e+29
2.9046171557509183e+29
2.904617155747856e+29
2.904617155747856e+29
2.9045204416822867e+29
2.904617155747856e+29
2.904617155747856e+29
2.904617155747856e+29
2.904617155747856e+29
2.904617155747856e+29
2.904617155747856e+29
2.904617155747856e+29
2.904617155747856e+29
2.904617155747856e+29
6.073743662221387e+29
6.073743662221387e+29
6.073743662221387e+29
6.0737436629592565e+29
5.677602851863674e+29
5.677602851863674e+29
5.677602851863674e+29
5.578567648720844e+29
5.578567648720844e+29
5.578567648720844e+29
5.578567648720844e+29
5.578567648720844e+29
5.578567648720844e+29
5.578567648720844e+29
5.5816624980811876e+29
5.7797329043668485e+29
5.7797329043668485e+29
5.7797329043668485e+29
5.7797329043668485e+29
1.2117985905507995e+30
1.2117985905507995e+30
1.1919915499222335e+30
1.1919915499222335e+30
1.1919915499222335e+30
5.5816624980811876e+29
5.581662498081368e+29
5.581662498081368e+29
5.631180099652783e+29
5.6280852495545695e+29
5.6280852495545695e+29
5.6281094280706015e+29
5.6281094280706015e+29
5.6281094280706015e+29
5.6281094280706015e+29
5.6281094280706015e+29
5.628157785103386e+29
5.628157785103383e+29
5.628157785103383e+29
5.628157785103383e+29
5.628157785103383e+29
5.628157788054862e+29
5.628157782174963e+29
5.6281336036585704e+29
5.6281336036585704e+29
5.6281336036585704e+29
5.628133591852654e+29
5.628133591852654e+29
5.6281335918641834e+29
5.6281335918641834e+29
5.6281335918641834e+29
5.6281335918641834e+29
5.6281335918641834e+29
2.4590070912936106e+29
2.4590070912936106e+29
2.4590070912936106e+29
2.4590040689789715e+29
2.459004045367139e+29
2.459004045367139e+29
2.4590055565244136e+29
2.4590055565244136e+29
2.4590055565244136e+29
2.462100406622627e+29
2.462100406622627e+29
2.462100406622627e+29
2.462100406622627e+29
8.800353407763773e+29
8.800353404812306e+29
8.80035341076138e+29
8.79411535350911e+29
8.79411535350911e+29
8.79411535350911e+29
8.79411535350911e+29
8.794115353416877e+29
8.794115353416877e+29
8.794115353370749e+29
8.794115353370749e+29
8.794115353370749e+29
8.794115351895009e+29
8.794115351895009e+29
8.794042816345832e+29
8.794042816345832e+29
8.992113222631493e+29
8.992089044115101e+29
8.992089044115123e+29
8.992089044115123e+29
8.992089044115123e+29
8.992089044115123e+29
8.992089044115123e+29
8.992089044115123e+29
8.992089044115123e+29
8.942571442543708e+29
8.942571442543708e+29
8.942571442543708e+29
8.942571536991038e+29
2.6043185358498912e+29
2.6043185358498912e+29
2.6043185358498912e+29
2.6043184414025615e+29
2.6043184414025615e+29
2.6043305306607605e+29
2.6043305306607605e+29
2.6043305306607605e+29
2.6043305306607605e+29
2.604330530683819e+29
2.604330533635298e+29
2.604330533635298e+29
2.605491102422128e+29
2.6054907246328094e+29
2.6054907246328094e+29
2.6054907246328094e+29
2.6054907246328094e+29
2.6054907246328094e+29
2.6054907246328098e+29
2.6054907246328098e+29
2.6054907246328098e+29
1.0209274743475228e+29
1.0209274743475228e+29
1.0209274743475228e+29
7.35918047548867e+29
7.35918047548867e+29
7.35918047548867e+29
7.35918047548867e+29
7.35918047548939e+29
7.35918047548939e+29
7.35918047548939e+29
7.35918047548939e+29
7.35918047548939e+29
7.35918047548939e+29
7.359180475489435e+29
7.358793619319392e+29
7.358793619319392e+29
7.358793619319392e+29
6.566511994176749e+29
6.566511994176749e+29
6.566511994176749e+29
6.566511994176749e+29
6.566511994176749e+29
6.566511994176749e+29
6.566511994176749e+29
8.151075244462035e+29
8.151075244462035e+29
8.151075244462035e+29
8.151075244462125e+29
8.151075244462125e+29
8.943356869604769e+29
8.943356869604769e+29
8.943356869604769e+29
8.943743725866955e+29
8.943743725843897e+29
8.943743725843897e+29
8.956123126236751e+29
8.956123126236751e+29
8.956268197335105e+29
8.956256108076908e+29
7.371692857791622e+29
7.371692869597538e+29
7.371692869597538e+29
7.37169289320937e+29
7.37169289320937e+29
7.371692893578305e+29
6.579411268435662e+29
6.579411268435662e+29
6.579411268435662e+29
6.579411268435662e+29
6.57941125626081e+29
6.57941125626081e+29
6.57941125626081e+29
6.57941125626081e+29
6.579362899412494e+29
6.579362899412494e+29
6.578589186890822e+29
6.578589186890822e+29
6.578589186890822e+29
9.747715688199266e+29
9.747715688199266e+29
9.747715682296308e+29
9.747715682296668e+29
9.747715682296679e+29
9.735336281903825e+29
9.73533632912749e+29
9.73533632912749e+29
1.1292045928528856e+30
1.1292051973157954e+30
1.1292051973157957e+30
1.1292051973157957e+30
1.1292051973181015e+30
1.1292245401312154e+30
1.1292245401312154e+30
1.1292245401312154e+30
1.1292245401312154e+30
1.1292245401312154e+30
1.129224540135827e+30
1.129224540135755e+30
1.129224540135755e+30
1.129224540135755e+30
1.139128060450038e+30
1.139128060450038e+30
1.1391328961533165e+30
1.13913289143095e+30
1.13913289143095e+30
1.1391328914678435e+30
1.1391328914678435e+30
1.1391328920581393e+30
1.1391328920581393e+30
1.1391328920581393e+30
1.1391328920581393e+30
1.1787469733152715e+30
1.183698733472377e+30
1.1849366735116623e+30
1.1849366735116623e+30
1.1848979878116477e+30
1.1848979878116477e+30
1.1848979878116477e+30
1.1848979878116477e+30
1.1848980255905796e+30
1.1848980255905796e+30
1.1848980255905615e+30
1.1848980255859499e+30
1.1848980255859499e+30
1.1849753968384052e+30
1.1849753968384052e+30
1.1849753968384232e+30
1.184975396838135e+30
1.180023485565266e+30
1.180023485565266e+30
1.180023485565338e+30
1.180023787796793e+30
1.180023787796802e+30
1.1806379221131662e+30
1.1806379221131662e+30
1.1806379221131662e+30
1.1806379221131662e+30
1.1806379221131662e+30
1.1806379221130941e+30
1.1806379221130947e+30
1.1806379221130947e+30
1.1806379221130947e+30
1.259866084627359e+30
1.2597113421224481e+30
1.2597113421224481e+30
1.2597113421224481e+30
1.2597113421224481e+30
1.2597113421225922e+30
1.2597113043436603e+30
1.2597113043436603e+30
1.2597113043436603e+30
1.259711304334437e+30
1.259711304334437e+30
1.1829590218987434e+30
1.0245026968702147e+30
1.0245026968702147e+30
1.0245026968702057e+30
7.86818209308966e+29
7.871276943187873e+29
7.871276943187873e+29
7.871276943187873e+29
7.871276943187873e+29
7.871276943187873e+29
7.871276943187873e+29
7.871276954993789e+29
7.871276954993789e+29
7.871301133510902e+29
7.871301133510902e+29
7.871301133510902e+29
7.871301134248772e+29
7.872848559297879e+29
7.872848559297879e+29
7.872848559297879e+29
7.872848559297879e+29
7.872848559297879e+29
7.872850070455153e+29
7.872850070455153e+29
7.87285007050127e+29
1.1041976571071843e+30
1.1041976571244782e+30
1.1041976572720521e+30
1.1041976572720521e+30
1.084390616643486e+30
1.0843905977540201e+30
1.0831526577147347e+30
1.0831526577147347e+30
1.0831526577147347e+30
1.0831523554832798e+30
1.0831426840767229e+30
1.0831426840767229e+30
1.0831426840767229e+30
1.0831426840766508e+30
1.0831426840766508e+30
1.0831426840766328e+30
1.0831426840766328e+30
1.0831426840766328e+30
1.0831426840766328e+30
1.0843806241159182e+30
1.0843806241159182e+30
1.0843806235256224e+30
1.0844193091518501e+30
1.0844193091518501e+30
1.0844193091495442e+30
1.0844193091495442e+30
1.0844205180753638e+30
1.0844205180753729e+30
1.0844205180707612e+30
1.0844205180707612e+30
1.0844205180707612e+30
7.675078680137038e+29
7.675078680137038e+29
7.674304967612485e+29
7.674304967612485e+29
7.872375373898146e+29
7.872375373898146e+29
7.872375373921204e+29
7.872375373921204e+29
7.872375373921204e+29
7.872375562815863e+29
7.872375562815863e+29
7.8723763183945e+29
7.8723763183945e+29
7.870828893345394e+29
7.870828893345394e+29
7.870828893322335e+29
7.870831921539843e+29
7.870831921539843e+29
7.870831909733926e+29
7.870831909733926e+29
7.870831909549459e+29
7.870831909549459e+29
7.870831909549459e+29
7.870819820291263e+29
7.870819817339784e+29
7.870819817339784e+29
7.870529675143256e+29
7.870529675143256e+29
1.5323235198776188e+29
1.5323235198776188e+29
1.5338709449267255e+29
1.5338467664103332e+29
1.5338467664103332e+29
1.533846766502567e+29
1.5338467665054492e+29
1.5338467665054492e+29
1.5833643680768644e+29
1.5833643680768644e+29
1.5833643680768644e+29
1.5833643680768644e+29
1.5833643680768644e+29
1.5833643677079296e+29
1.5833643677079296e+29
1.5833643677540464e+29
1.5833643677540014e+29
1.5833643677540014e+29
1.5833643677540014e+29
4.554420462038914e+29
4.554420462038914e+29
4.554420462038914e+29
4.554420462407849e+29
4.554420462407849e+29
4.554420462407849e+29
4.3571237686467414e+29
1.069537676978825e+30
1.069537676978825e+30
1.069537676978825e+30
1.0695376769788294e+30
1.0695376014209657e+30
1.0695376014209657e+30
1.0695376014209657e+30
1.0695376014209657e+30
1.0695376769788294e+30
1.0695376769788294e+30
1.0695376769788294e+30
1.0695376769788292e+30
9.903095144668707e+29
9.903095144668707e+29
9.90309514761996e+29
9.896905447423534e+29
9.896905447423534e+29
9.896905447423534e+29
9.896905447423534e+29
9.896905447377417e+29
3.5586524462348294e+29
3.55865244475909e+29
3.55865244475909e+29
3.55865244475909e+29
3.5091348549993554e+29
3.5091348549993554e+29
3.509134854999355e+29
3.484376054213647e+29
3.4843761014315474e+29
3.311064495931594e+29
3.311064495931594e+29
3.311064495931594e+29
3.311064495931594e+29
3.311064484125678e+29
9.649317485243676e+29
9.649317485243676e+29
9.649317485240794e+29
9.649317485240794e+29
9.649317485240794e+29
9.649317485240794e+29
9.649317485240772e+29
9.649317485240772e+29
1.0441599110383415e+30
1.0441599110383416e+30
1.0441599110383416e+30
1.0441599110383416e+30
1.0441599110383416e+30
1.0491116709003353e+30
1.0491116709003353e+30
1.2075679959288639e+30
1.2075679959300169e+30
1.1976644756157383e+30
1.1976644756157383e+30
1.1927127154585968e+30
1.1927127154585968e+30
1.1927127154585968e+30
1.1926353442061415e+30
1.1926353442061415e+30
1.1926353442061415e+30
1.1926353442061415e+30
1.2025388645204245e+30
1.2025388645204245e+30
1.2025388645204245e+30
1.2025388645227303e+30
1.2025388645227303e+30
1.2025388645233068e+30
1.2025388645233068e+30
1.2013009055945555e+30
1.206252665751697e+30
1.196349145437414e+30
1.1969681154570567e+30
1.1969681154570567e+30
1.1969681154570567e+30
1.1969681154570567e+30
1.1969681154570567e+30
1.1969681154570567e+30
1.1969681154570567e+30
1.1969681154570567e+30
1.1969632809343698e+30
1.1969632809343698e+30
1.1969632809343698e+30
1.1969632809332169e+30
1.1969632809332158e+30
5.631379808191011e+29
5.631379808191011e+29
5.631379808191011e+29
5.631428165223794e+29
5.631428165223794e+29
5.6318150214860706e+29
5.631815021486065e+29
5.631815021486065e+29
5.631815021486065e+29
5.631815021486065e+29
4.8395333963434216e+29
4.8395333963434216e+29
3.254970146058135e+29
3.254970146058135e+29
3.254970146058135e+29
3.254970146058135e+29
3.254970146058135e+29
3.254970146058135e+29
3.254970146058135e+29
3.254970146058135e+29
3.254970146058135e+29
3.254970147533874e+29
3.2549701504853534e+29
3.2549701497474836e+29
3.2518752524256054e+29
3.251899430941998e+29
3.6480404324079815e+29
3.6480404324079815e+29
3.6480404324079815e+29
3.6480404324079815e+29
3.6480525216661776e+29
3.6480464770370795e+29
3.6480464770370795e+29
3.6480464770370795e+29
3.251902642151209e+29
3.251902642151209e+29
3.251902642151209e+29
3.251902642151209e+29
3.2519027365985385e+29
3.2519027365985385e+29
3.2519027365985385e+29
3.2519027365985385e+29
3.2519027365985385e+29
3.2519027365985385e+29
3.2519027365985385e+29
4.044184408964847e+29
4.044184408964847e+29
1.0382437410105994e+30
1.0382437362885211e+30
1.0382437362885211e+30
1.0382437362885211e+30
1.038243774067453e+30
9.590156115526122e+29
9.590157626683396e+29
9.590157626683396e+29
9.590157626683396e+29
9.590157626683396e+29
9.58977077042112e+29
9.58977077042112e+29
9.58977077042112e+29
9.589770817644784e+29
9.589770817644784e+29
9.589770817644965e+29
9.589770817644965e+29
9.589770817644965e+29
1.0382052442787608e+30
1.1941856892287187e+30
1.1941856892287187e+30
1.1941856892287187e+30
1.1941856892292949e+30
1.1941856892292949e+30
1.1941856892292949e+30
1.194185684497705e+30
1.194185684497705e+30
1.1941856845161518e+30
1.1941856845173047e+30
1.1941760130554076e+30
1.1941760130554166e+30
1.1941747285717332e+30
1.1935557585520905e+30
8.766431084950332e+29
8.766431084950332e+29
8.766431084950332e+29
8.766431084950332e+29
8.865466288093162e+29
8.8654670436718e+29
8.8654670436718e+29
8.8654670436718e+29
8.890225844457507e+29
8.890225844457507e+29
8.890225844457507e+29
8.890225750010177e+29
8.890225750010177e+29
8.890225750010177e+29
8.890225750010177e+29
8.890225750010177e+29
8.890225750010177e+29
8.890225750010177e+29
8.89003232185598e+29
8.890044411852047e+29
8.890044411852047e+29
8.89003232259385e+29
8.840514721022435e+29
8.840514721068552e+29
8.840514721068552e+29
8.840514721068555e+29
8.840611435134124e+29
8.841385147658677e+29
8.841384769869359e+29
8.841384769869359e+29
8.841384769869359e+29
8.841384769869359e+29
8.84128805580379e+29
8.84128805580379e+29
8.84128805580379e+29
8.84128805580379e+29
8.841288052849428e+29
8.841288052849428e+29
8.841288052849068e+29
8.841288052849068e+29
8.841288052849068e+29
8.841288052849068e+29
8.841288055800547e+29
8.841288055800547e+29
8.841288055800547e+29
8.841288055800547e+29
8.890805657371962e+29
8.890805657371962e+29
8.890805657371962e+29
8.890805657371962e+29
8.890805657371962e+29
8.890805657371962e+29
8.890805657371962e+29
8.890805704595582e+29
8.890805704595582e+29
8.890805704595582e+29
8.890805657556385e+29
8.890805657556385e+29
8.890805657556385e+29
8.890805657556385e+29
8.890805657556385e+29
8.890805657556385e+29
8.890805657556385e+29
8.098524032413786e+29
8.098524032416669e+29
8.098524032416669e+29
8.098524032416669e+29
8.104713732613097e+29
8.104713732613097e+29
8.104713732613097e+29
8.104713732613097e+29
8.104713732613097e+29
8.104713732636155e+29
8.104713732636155e+29
8.104713732636155e+29
8.05519613106474e+29
8.05519613106474e+29
8.05519613106474e+29
8.05519613106474e+29
8.054422418541628e+29
8.054422418541628e+29
8.054422418541628e+29
8.054422418540187e+29
8.054422418540187e+29
8.054422418540187e+29
8.054422418540187e+29
8.054422843553167e+29
8.054422843553169e+29
8.054422843553169e+29
8.054422843553169e+29
8.054422843553169e+29
8.054422843553169e+29
8.054422843553169e+29
8.054422843553169e+29
8.05442284207887e+29
8.252492492048024e+29
8.252492492048024e+29
8.252492493523764e+29
8.252492493523764e+29
8.252492493523764e+29
8.252492493339296e+29
8.252492493339296e+29
8.252492493340017e+29
8.252492491864277e+29
8.252492491864277e+29
8.252493247441483e+29
8.252493247441483e+29
8.252493247418425e+29
8.255588097516638e+29
8.255588098254508e+29
8.255588098254508e+29
8.255588098254508e+29
8.255588098251626e+29
8.255588098251626e+29
8.305105699823041e+29
8.305105699823041e+29
8.305105699823041e+29
1.1474232200393603e+30
1.1474232200393603e+30
1.1474232197442124e+30
1.1474232197442124e+30
1.1474232197442124e+30
1.1474232198917864e+30
1.1474232198917864e+30
1.1474232198917864e+30
1.1474232198917864e+30
1.1474232198917864e+30
1.1474232198918224e+30
1.1474232198918224e+30
1.1474232198918224e+30
1.1474232198918247e+30
1.1474232198918247e+30
9.889668193054323e+29
9.889668193054323e+29
9.889668193054323e+29
9.889668193054323e+29
9.889668193054323e+29
9.889668193054328e+29
9.889668193054328e+29
9.889668193054328e+29
9.889668193054328e+29
9.889667980547836e+29
9.889667980547836e+29
9.889667933324172e+29
9.889667933324172e+29
9.889667933324172e+29
6.720541432752878e+29
6.720541621647357e+29
6.720541621647357e+29
6.720541621647357e+29
7.51282324679e+29
7.51282324679e+29
6.720541621647357e+29
6.621518507762722e+29
6.621518507762722e+29
6.615328807566296e+29
6.615522235697434e+29
7.011669092897854e+29
8.59623234318314e+29
8.59623234318314e+29
8.596232343171611e+29
8.608611743564465e+29
8.608611743564465e+29
8.608611743564465e+29
8.608611743564465e+29
8.608611737661507e+29
8.608611737661507e+29
8.608611737661507e+29
8.60861176127334e+29
8.60861176127334e+29
8.608611761284869e+29
8.608611761284869e+29
8.608611761284869e+29
8.608599672026672e+29
8.608599672026672e+29
8.608599766473642e+29
8.608599765735772e+29
8.608599765735783e+29
8.608599765735783e+29
8.608599765735783e+29
8.608599765735783e+29
8.608599765735783e+29
8.608599764260044e+29
8.608599764260044e+29
8.608599764260044e+29
8.608599764260044e+29
8.608599764260044e+29
8.559082164164368e+29
8.55888873603323e+29
9.35117033756404e+29
9.35117033756404e+29
9.35117033756404e+29
9.35117033756404e+29
9.35117033756404e+29
9.35117033756404e+29
9.35117033756404e+29
9.351170337563996e+29
9.351170337563996e+29
9.351170337563996e+29
9.351170337563996e+29
1.2520296838134569e+30
1.2569814439705984e+30
9.400663760619019e+29
9.400663760619019e+29
9.400663760619019e+29
9.40066376060749e+29
9.40066376060749e+29
9.400663748801753e+29
9.400663748801753e+29
9.400663748801731e+29
9.400663748801731e+29
9.20259334251607e+29
9.20259334251607e+29
9.20259334251607e+29
9.202592964726751e+29
9.202592964726751e+29
9.202592964726751e+29
9.202592964726751e+29
9.202592964726751e+29
9.20259297062971e+29
9.20259297062971e+29
9.20259297062971e+29
9.202593726208335e+29
8.410312101065692e+29
8.410312101065692e+29
8.410312101065692e+29
8.410312006618362e+29
8.410312006618362e+29
8.410312006618362e+29
8.410336188086234e+29
8.410336188097763e+29
8.410336589498914e+29
8.410336589498914e+29
8.410336589867849e+29
8.410336589867849e+29
8.410336589867849e+29
8.410336589868209e+29
8.360818988481261e+29
8.36082201079581e+29
8.360822010795812e+29
8.360822010795812e+29
8.360822010795452e+29
8.360822010795452e+29
8.360822010795452e+29
8.360822010783922e+29
8.360822010783922e+29
8.336063209998935e+29
8.336063209998935e+29
8.336063209998935e+29
8.336063209998935e+29
8.336063209998935e+29
8.336063210736805e+29
8.336063210736805e+29
8.336063210736805e+29
8.336075299995001e+29
8.336075299995001e+29
8.336075299995001e+29
8.336075299996442e+29
8.336075299258573e+29
8.336063210000376e+29
8.336063210000376e+29
8.336063210000376e+29
8.336063210000376e+29
8.336063210000376e+29
8.336063210000376e+29
8.336014852967595e+29
8.336014852967505e+29
8.336014852967505e+29
6.751451602682212e+29
6.751451602774446e+29
6.751451602774446e+29
6.751463686129504e+29
6.751463692031021e+29
6.751463692031021e+29
6.751654097847616e+29
6.751654097847616e+29
6.751654097847616e+29
6.75164200858942e+29
6.751642008589442e+29
6.751642008589453e+29
9.92154222168458e+29
9.92154222168458e+29
9.92154231613191e+29
1.1506105578223113e+30
1.151229527841954e+30
1.1512343635452324e+30
1.1512343635452324e+30
1.1512343632500845e+30
1.1506153932304418e+30
1.1506153932304418e+30
1.1506250646369988e+30
1.1654803450899766e+30
1.1654803450899766e+30
1.1654803450899766e+30
1.1859063557381853e+30
1.1859063557381853e+30
1.1859063557381853e+30
1.1859063557381853e+30
1.1809545955810438e+30
1.1809545955810438e+30
1.1809545955810438e+30
1.1809545955810438e+30
1.1809545955810438e+30
1.1809545955810438e+30
1.1809545955810438e+30
1.1809545955810438e+30
1.1859063557381853e+30
1.1859063557381853e+30
1.1859039378865461e+30
1.1859039378865461e+30
1.1859039378865461e+30
1.1859039378865461e+30
1.1859039378865461e+30
1.1859038906628813e+30
1.1859038906628813e+30
1.1857491481579706e+30
1.1857491481582633e+30
1.1857491481582633e+30
1.2649773106725277e+30
1.2649773106725277e+30
1.2649773106725277e+30
1.2649773106725277e+30
1.2649773106725277e+30
1.2649773106725277e+30
1.2649773106725277e+30
1.2649773106725277e+30
1.2649773106725277e+30
1.2649773106725277e+30
1.2649773106726718e+30
1.2649773106726718e+30
1.2451702700441057e+30
1.2451702700441057e+30
1.2451702700441057e+30
1.2451702700441057e+30
1.2451702700441054e+30
1.2451702700441054e+30
1.2451702700440334e+30
1.2649773106725995e+30
1.2649773106725995e+30
1.260025550515458e+30
1.260025550515458e+30
1.2601802977427351e+30
1.2601802977427345e+30
1.2601802975951606e+30
1.2601802975951606e+30
1.2601802975951606e+30
1.2601803070398935e+30
1.2601803070398935e+30
1.2601803070398935e+30
1.2601803070398935e+30
1.2600254889955659e+30
1.2600254889955659e+30
1.2600254889955659e+30
1.2600254889586679e+30
1.2600254891062419e+30
1.2600257913376968e+30
1.2600257913376968e+30
1.2600209556344183e+30
1.2600209556344183e+30
1.2600209556344183e+30
1.2600209556344183e+30
1.260020953273235e+30
1.260020953273235e+30
1.260020953273235e+30
1.260020953273235e+30
1.2600209532726946e+30
1.2600210288305584e+30
1.2600210282402625e+30
1.2600210235178938e+30
1.2600209479600306e+30
1.2600209479600306e+30
1.2600209479600306e+30
1.2600209479600306e+30
1.2601756903173674e+30
1.2601756903173674e+30
1.2601756903911543e+30
1.2601756903911543e+30
1.2601756903911543e+30
1.260098319138699e+30
1.2204842378815668e+30
1.2204842378815668e+30
1.2006771878082723e+30
1.2006771883985681e+30
1.2006771907597513e+30
1.2006771907597513e+30
1.2005224482548429e+30
1.1906189279405599e+30
1.1906189279405599e+30
1.1906189090533998e+30
1.1906189090533998e+30
1.1906189090533998e+30
1.1906189090533998e+30
1.1906189090533998e+30
1.1906189090533998e+30
1.1906187579376723e+30
1.1906187579376723e+30
1.1906187579376723e+30
1.1906187579376723e+30
1.1906187579376723e+30
1.1906187579376723e+30
1.1906187579376723e+30
1.1906187579376723e+30
1.1906189090533998e+30
1.1906189090533998e+30
1.1906189090533998e+30
1.1906189090533998e+30
1.1899902676272002e+30
1.1899902676272002e+30
1.1899902676272002e+30
1.1899902676272002e+30
1.1899902676272002e+30
1.1899902676283531e+30
1.1899902676283531e+30
1.1899902676283531e+30
1.1899902676283531e+30
1.1899902676283531e+30
1.1899902676283531e+30
1.1899902676283531e+30
1.1899901165126256e+30
7.93849303941304e+29
7.93849303941304e+29
7.93849303941304e+29
7.93849303941304e+29
7.93849303941304e+29
7.938493228307688e+29
7.938493228307688e+29
7.938493228307688e+29
7.938493228307688e+29
7.938493228307688e+29
1.1107613684249163e+30
1.1107613684249163e+30
1.1107613684249166e+30
1.1107613684249166e+30
1.1108387396773719e+30
1.1108387399725198e+30
1.1108387399725198e+30
1.1108387399725198e+30
1.1108387399725198e+30
1.1108387399725198e+30
1.1108387399725919e+30
1.1108387399725919e+30
1.1108387399725919e+30
1.1108387399725919e+30
1.1108387399725919e+30
1.110838437741137e+30
1.110838437741137e+30
1.1105289527313156e+30
1.1105289527313156e+30
1.1105289527313156e+30
1.1105289527313156e+30
1.1105289527313156e+30
1.1105289527313156e+30
1.1105289527313156e+30
1.1204324730455987e+30
1.1204324730455987e+30
1.1204330775085085e+30
1.1204330775085085e+30
1.1204330775085085e+30
1.1204330775085085e+30
1.120434286434184e+30
1.120434286434184e+30
1.120434286434184e+30
1.120434286434184e+30
1.120434286434184e+30
1.120434286434184e+30
1.120434286434184e+30
1.1204342858438882e+30
1.1204342858438882e+30
1.1204342858438882e+30
1.1204342858438882e+30
8.035216357868308e+29
8.084733959439724e+29
8.084733959439724e+29
8.084733959439724e+29
8.084733959439724e+29
8.084733959439724e+29
8.08473395934749e+29
8.08473395934749e+29
8.08473395934749e+29
8.08473395934749e+29
8.084734714926127e+29
8.084734714926127e+29
8.084734714926307e+29
8.084734714926307e+29
8.084734714932072e+29
8.084734714932072e+29
7.985699511789241e+29
7.985506083611986e+29
7.985506083611986e+29
7.985892939874263e+29
6.401328934010339e+29
6.401353097769336e+29
6.401353097769336e+29
6.401353097769336e+29
6.401449811834905e+29
6.500488037292285e+29
6.500488037292285e+29
6.500488037292285e+29
6.500488037292285e+29
6.500488015150427e+29
6.500488015150427e+29
6.50358286524864e+29
6.503582676353992e+29
6.503582676353992e+29
6.503582676353992e+29
6.503582676353992e+29
6.503582676353992e+29
6.50358268225695e+29
6.50358268225695e+29
6.50358268225695e+29
6.503582681519075e+29
6.503485967453506e+29
6.701556373739167e+29
6.701556373739167e+29
6.701556373739167e+29
6.701556372263067e+29
6.698461522164854e+29
6.698461522164854e+29
6.698461522164854e+29
6.698461523640593e+29
6.698461901429912e+29
6.698461901429912e+29
6.698461901418382e+29
6.701550706887588e+29
6.701550801334923e+29
6.701163945072647e+29
6.701163945072645e+29
6.688784544679791e+29
7.084925357251113e+29
7.084925357256878e+29
7.085312213519154e+29
7.470592123780075e+28
7.470592123751252e+28
7.532489125715521e+28
7.532489125715521e+28
7.532489125715521e+28
7.532489125715521e+28
7.532489125715521e+28
7.532489114676297e+28
7.532489114676297e+28
7.532489114676297e+28
7.532489114683503e+28
7.532489114683503e+28
6.542137112769989e+28
6.542137112769996e+28
6.542137112769996e+28
6.542137112769996e+28
6.542137112769996e+28
6.542137112769996e+28
6.542137112769982e+28
6.542016220188021e+28
6.542016218343346e+28
6.542016218343346e+28
2.237991159595068e+29
2.039920753309407e+29
2.0399691110800614e+29
2.0401625392111997e+29
2.0401625392111997e+29
2.0401625392111997e+29
2.0401625392111997e+29
2.0401625392111997e+29
2.040162539222726e+29
2.040162539222726e+29
2.0401625392227254e+29
2.0401595169081764e+29
2.0401595169081764e+29
2.0401595169081764e+29
2.0401595169081764e+29
2.039772662118757e+29
2.039778706747855e+29
2.03977870674781e+29
2.03977870674781e+29
2.03977870674781e+29
2.0395852786166716e+29
2.0395852786166716e+29
2.0395852786166716e+29
2.831866903759315e+29
2.831866903759315e+29
2.831866903759315e+29
2.93090361805942e+29
2.138621991441037e+29
2.138621991441037e+29
2.1390088477033137e+29
2.1390088477033137e+29
2.1390088477033137e+29
2.1390088477033137e+29
2.1390088477033137e+29
2.1328191475068868e+29
2.1328191445554077e+29
2.132819191773308e+29
2.132819191773308e+29
2.1327950133489692e+29
2.1327950133489692e+29
2.1327950133489692e+29
2.1327950133489692e+29
2.1327950133489692e+29
2.132795013395086e+29
2.132795013395086e+29
2.132795013395086e+29
2.1327950133950868e+29
2.132795013397969e+29
2.132795013397969e+29
2.1327950130290342e+29
2.0337598098862038e+29
2.0337718984065302e+29
2.0337718984065302e+29
2.0337235413737456e+29
2.0461029417665994e+29
2.0461029417665994e+29
2.0461029417665994e+29
2.0461029417665994e+29
2.0461029417665994e+29
2.04610294176714e+29
2.04610294176714e+29
2.046102941767139e+29
2.046102941767139e+29
2.046102941767139e+29
2.046102941767139e+29
2.046102941767139e+29
2.0461029417671405e+29
2.0461029417671405e+29
2.0461029417671405e+29
2.0461029417671412e+29
2.0461031306618006e+29
2.0461031306618006e+29
2.0461031306618006e+29
2.0461031424677168e+29
2.04571628620544e+29
2.04571628620544e+29
2.0457162862054176e+29
2.04571630981725e+29
2.045719332131799e+29
2.045719332131799e+29
2.0461061883940757e+29
2.0461061883940757e+29
2.0430113382958622e+29
2.0430112910721974e+29
2.8352929162148408e+29
2.8352929162148408e+29
2.8352929162206054e+29
2.8352929162206054e+29
2.8352929162206054e+29
2.8354863443516523e+29
5.992233444529372e+29
5.992233444529372e+29
5.9922818015621566e+29
5.9922818015621566e+29
5.9922818015621566e+29
5.9922818015621566e+29
5.992281801746624e+29
5.992281801746444e+29
5.992281801746444e+29
5.992281801746444e+29
5.992281801746447e+29
5.99537665184466e+29
5.9953766518446545e+29
5.9953766518446545e+29
5.9953766518446545e+29
5.9953766518446545e+29
5.9953766518446545e+29
5.9953766518446545e+29
5.945859050273239e+29
5.945859050273239e+29
5.945665622142102e+29
5.945665622142102e+29
5.945665622142102e+29
5.945665622142102e+29
5.945665622142102e+29
5.945665622142102e+29
5.945665622142102e+29
5.945665622142102e+29
5.945665622142102e+29
5.945665622142102e+29
5.945665622142102e+29
5.945665622142102e+29
5.94566559853027e+29
5.9456655985302756e+29
5.9456655985302756e+29
5.945665504082946e+29
5.945665504082946e+29
5.995183105654361e+29
5.995183105654361e+29
5.995183105654361e+29
5.995183105654361e+29
5.995183105654361e+29
5.995183105654361e+29
5.995183105654361e+29
5.995183105654001e+29
5.995183105653998e+29
5.995183105653998e+29
5.995183200101328e+29
5.995183200101688e+29
5.995183200101688e+29
5.995183200101688e+29
6.193253606387349e+29
6.193205249354564e+29
6.193205249354564e+29
6.193205249354564e+29
6.19318711546727e+29
6.19318711546727e+29
6.19318711546727e+29
6.19318711546727e+29
6.1931871152828026e+29
6.1931871152828026e+29
6.193187115282801e+29
6.193187115282801e+29
6.193187115282801e+29
6.193187115259743e+29
6.1931871151905674e+29
6.1931871151905674e+29
6.1931871151905674e+29
6.1931871151905674e+29
6.1931871151905674e+29
6.1931871151905674e+29
6.1931871151905674e+29
6.1931871151905674e+29
6.193187115190652e+29
6.193187162414317e+29
6.193187162414317e+29
6.193187162414317e+29
6.193187162414317e+29
6.193187162414317e+29
6.193187162414317e+29
6.193187162414317e+29
6.1931871624143195e+29
6.193187162368203e+29
6.193187162368203e+29
6.2922222710637034e+29
6.292222271063726e+29
6.292222265160768e+29
6.3169810659464754e+29
6.316981065946464e+29
6.316981065946104e+29
6.316981065946104e+29
6.316981821524741e+29
6.316981821524741e+29
6.3169816326300875e+29
6.3169816326300875e+29
6.3169816326300875e+29
6.3169816326300875e+29
5.920840820058766e+29
5.920840820058766e+29
5.920840820058766e+29
5.920840820058766e+29
5.920840820058766e+29
5.920840820058766e+29
5.9208409145060954e+29
5.9208409145060954e+29
5.920840536716777e+29
5.920840536716777e+29
5.920840536716777e+29
5.920840536716777e+29
5.920840536716777e+29
5.920840536716777e+29
5.920840542619735e+29
5.920840542619735e+29
5.920840542619735e+29
5.8218053394769045e+29
5.8218174294729704e+29
5.623747400973746e+29
5.623747400973746e+29
5.623843359437597e+29
5.623843359437597e+29
5.623843359437591e+29
4.03927859799503e+29
4.0392785981794974e+29
4.0392785981794974e+29
4.0392785981794974e+29
